{
  "advancedEditorSelectedIdentifier" : "ProjectBrowser",
  "openSceneRelativePaths" : [
    "Scene.usda"
  ],
  "recentIdentifiers" : {
    "426C55D4-8486-4B33-B530-243744F78E98" : [

    ]
  },
  "sceneCameraHistory" : {
    "426C55D4-8486-4B33-B530-243744F78E98" : [
      {
        "date" : 746123176.054774,
        "title" : "Untitled",
        "transform" : [
          0.99829245,
          -4.8341464e-10,
          0.05841708,
          0,
          -0.004986623,
          0.99635005,
          0.085216545,
          0,
          -0.058203842,
          -0.0853623,
          0.9946486,
          0,
          -0.1784217,
          1.038823,
          10.983698,
          1
        ]
      },
      {
        "date" : 746123150.220232,
        "title" : "Untitled",
        "transform" : [
          0.9999678,
          8.444358e-10,
          -0.008030384,
          0,
          -0.007953925,
          0.13766727,
          -0.99044657,
          0,
          0.0011055308,
          0.9904786,
          0.13766281,
          0,
          0.39234486,
          9.871715,
          0.62333953,
          1
        ]
      },
      {
        "date" : 746123148.285273,
        "title" : "Untitled",
        "transform" : [
          0.99982417,
          8.474923e-10,
          0.018755786,
          0,
          0.018629268,
          0.11595267,
          -0.99308,
          0,
          -0.0021747728,
          0.99325466,
          0.11593224,
          0,
          0.37956426,
          9.883062,
          0.41742024,
          1
        ]
      },
      {
        "date" : 746123137.485018,
        "title" : "Untitled",
        "transform" : [
          0.99921685,
          7.0658457e-10,
          0.039568413,
          0,
          0.0022336491,
          0.9984054,
          -0.056406204,
          0,
          -0.039505303,
          0.05645042,
          0.99762344,
          0,
          -0.0010063123,
          1.294154,
          9.814194,
          1
        ]
      },
      {
        "date" : 746123111.386039,
        "title" : "Untitled",
        "transform" : [
          0.99982595,
          -8.037846e-10,
          0.018655423,
          0,
          0.018487709,
          0.13378681,
          -0.99083763,
          0,
          -0.002495833,
          0.99101007,
          0.13376352,
          0,
          0.3606983,
          9.449416,
          0.9455039,
          1
        ]
      },
      {
        "date" : 746123098.850077,
        "title" : "Untitled",
        "transform" : [
          0.99999493,
          -3.1698866e-09,
          0.0032121867,
          0,
          0.00031303108,
          0.9952403,
          -0.0974508,
          0,
          -0.0031968825,
          0.09745131,
          0.99523515,
          0,
          0.34803823,
          1.2572619,
          9.413486,
          1
        ]
      },
      {
        "date" : 746123083.616853,
        "title" : "Untitled",
        "transform" : [
          0.9999765,
          -3.108362e-09,
          0.0068545304,
          0,
          0.006823033,
          0.09574912,
          -0.9953821,
          0,
          -0.0006562974,
          0.99540544,
          0.095746875,
          0,
          0.37353006,
          9.071172,
          0.9139309,
          1
        ]
      },
      {
        "date" : 746123065.897707,
        "title" : "Untitled",
        "transform" : [
          0.99978906,
          -2.886257e-09,
          0.020533618,
          0,
          0.018988166,
          0.38061008,
          -0.9245406,
          0,
          -0.007815285,
          0.92473555,
          0.38052982,
          0,
          0.30772254,
          8.415895,
          3.512688,
          1
        ]
      },
      {
        "date" : 746123056.765588,
        "title" : "Untitled",
        "transform" : [
          0.9999958,
          -4.972881e-09,
          0.0028680267,
          0,
          0.0004863952,
          0.9855142,
          -0.16959138,
          0,
          -0.0028264676,
          0.1695921,
          0.9855103,
          0,
          0.333926,
          2.0786693,
          9.928225,
          1
        ]
      },
      {
        "date" : 746123049.767108,
        "title" : "Untitled",
        "transform" : [
          0.9999948,
          -4.7022044e-09,
          -0.0032121765,
          0,
          -0.0031346544,
          0.21837363,
          -0.9758601,
          0,
          0.0007014728,
          0.97586524,
          0.21837252,
          0,
          0.3643367,
          9.060925,
          2.46561,
          1
        ]
      }
    ]
  }
}