{
  "advancedEditorSelectedIdentifier" : "ProjectBrowser",
  "openSceneRelativePaths" : [
    "Scene.usda"
  ],
  "recentIdentifiers" : {
    "11F7BA23-A641-447F-9771-5257877A3EC3" : [

    ]
  },
  "sceneCameraHistory" : {
    "11F7BA23-A641-447F-9771-5257877A3EC3" : [
      {
        "date" : 745848859.803047,
        "title" : "Untitled",
        "transform" : [
          0.9996042,
          6.014391e-09,
          0.028138703,
          0,
          0.0022069588,
          0.99691963,
          -0.078400545,
          0,
          -0.028052004,
          0.078431666,
          0.9965248,
          0,
          0.212351,
          0.11706067,
          2.0153296,
          1
        ]
      },
      {
        "date" : 745848840.268194,
        "title" : "Untitled",
        "transform" : [
          0.9984443,
          5.43283e-09,
          0.055761248,
          0,
          0.05454589,
          0.20764484,
          -0.9766825,
          0,
          -0.011578517,
          0.9782044,
          0.20732167,
          0,
          0.24303903,
          1.9592278,
          0.4719185,
          1
        ]
      },
      {
        "date" : 745848822.235114,
        "title" : "Untitled",
        "transform" : [
          0.99705154,
          4.044725e-09,
          0.0767373,
          0,
          0.0072243866,
          0.9955586,
          -0.09386688,
          0,
          -0.07639645,
          0.09414457,
          0.99262303,
          0,
          0.114212215,
          0.14872345,
          2.021184,
          1
        ]
      },
      {
        "date" : 745848791.167362,
        "title" : "Untitled",
        "transform" : [
          0.9999995,
          5.4036127e-09,
          0.0008961871,
          0,
          0.0008933021,
          0.080142796,
          -0.9967831,
          0,
          -7.1814655e-05,
          0.9967835,
          0.08014266,
          0,
          0.2687945,
          2.0018067,
          0.20215502,
          1
        ]
      },
      {
        "date" : 745848773.472542,
        "title" : "Untitled",
        "transform" : [
          0.9987881,
          6.511253e-09,
          0.049216855,
          0,
          -0.0037861224,
          0.9970368,
          0.07683401,
          0,
          -0.049071003,
          -0.07692714,
          0.9958285,
          0,
          0.12477516,
          0.105894566,
          2.034305,
          1
        ]
      },
      {
        "date" : 745848768.921421,
        "title" : "Untitled",
        "transform" : [
          0.9981777,
          6.5122765e-09,
          0.06034234,
          0,
          -0.004679846,
          0.9969882,
          0.0774135,
          0,
          -0.060160585,
          -0.07755473,
          0.99517137,
          0,
          0.10209031,
          0.104619354,
          2.0357475,
          1
        ]
      },
      {
        "date" : 745848762.399514,
        "title" : "Untitled",
        "transform" : [
          0.9981777,
          6.5122765e-09,
          0.06034234,
          0,
          -0.004679846,
          0.9969882,
          0.0774135,
          0,
          -0.060160585,
          -0.07755473,
          0.99517137,
          0,
          0.117153354,
          0.009724945,
          2.029263,
          1
        ]
      },
      {
        "date" : 745848748.098662,
        "title" : "Untitled",
        "transform" : [
          0.9982318,
          6.5483636e-09,
          0.059440535,
          0,
          0.0030337172,
          0.9986968,
          -0.050947703,
          0,
          -0.059363056,
          0.051038034,
          0.9969309,
          0,
          0.12141651,
          0.26721606,
          1.9883488,
          1
        ]
      },
      {
        "date" : 745848629.628387,
        "title" : "Untitled",
        "transform" : [
          0.99998134,
          8.2123375e-09,
          0.006115948,
          0,
          0.005659215,
          0.3791865,
          -0.92530304,
          0,
          -0.002319076,
          0.9253203,
          0.37917936,
          0,
          0.235713,
          1.9030831,
          0.6019899,
          1
        ]
      },
      {
        "date" : 745848625.294857,
        "title" : "Untitled",
        "transform" : [
          0.9999194,
          8.101056e-09,
          0.012697762,
          0,
          0.0016595783,
          0.9914222,
          -0.13068801,
          0,
          -0.012588827,
          0.1306986,
          0.99134225,
          0,
          0.2146113,
          0.42442805,
          1.9528134,
          1
        ]
      }
    ]
  },
  "sceneViewportBackgroundColors" : {

  }
}