{
  "advancedEditorSelectedIdentifier" : "ProjectBrowser",
  "openSceneRelativePaths" : [
    "Scene.usda"
  ],
  "recentIdentifiers" : {
    "426C55D4-8486-4B33-B530-243744F78E98" : [

    ]
  },
  "sceneCameraHistory" : {
    "426C55D4-8486-4B33-B530-243744F78E98" : [
      {
        "date" : 746972414.157466,
        "title" : "Untitled",
        "transform" : [
          0.99972516,
          6.8909323e-12,
          0.023443956,
          0,
          0.0071621398,
          0.9521919,
          -0.30541655,
          0,
          -0.022323146,
          0.30550045,
          0.9519302,
          0,
          0.6771592,
          1.6999888,
          13.669487,
          1
        ]
      },
      {
        "date" : 746972408.540676,
        "title" : "Untitled",
        "transform" : [
          0.99972516,
          6.8909323e-12,
          0.023443956,
          0,
          0.0071621407,
          0.952192,
          -0.30541658,
          0,
          -0.022323148,
          0.30550048,
          0.95193034,
          0,
          -0.023203153,
          1.8687084,
          20.660751,
          1
        ]
      },
      {
        "date" : 746972403.09944,
        "title" : "Untitled",
        "transform" : [
          1,
          0,
          0,
          0,
          0,
          0.7071069,
          -0.70710677,
          0,
          0,
          0.70710677,
          0.7071069,
          0,
          0.46117294,
          11.2230835,
          17.99344,
          1
        ]
      },
      {
        "date" : 746972343.69368,
        "title" : "Untitled",
        "transform" : [
          1,
          0,
          0,
          0,
          0,
          0.7071069,
          -0.70710677,
          0,
          0,
          0.70710677,
          0.7071069,
          0,
          -0.68367743,
          23.408434,
          38.48607,
          1
        ]
      },
      {
        "date" : 746972338.038823,
        "title" : "Untitled",
        "transform" : [
          1,
          0,
          0,
          0,
          0,
          0.7071069,
          -0.70710677,
          0,
          0,
          0.70710677,
          0.7071069,
          0,
          -0.14136298,
          0.6835408,
          2.9740396,
          1
        ]
      },
      {
        "date" : 746972332.742923,
        "title" : "Untitled",
        "transform" : [
          0.99920636,
          -5.047176e-10,
          0.039834388,
          0,
          0.0043931673,
          0.9939,
          -0.11019831,
          0,
          -0.039591398,
          0.1102858,
          0.9931111,
          0,
          -2.8398447,
          -54.187603,
          -0.6618118,
          1
        ]
      },
      {
        "date" : 746972135.873777,
        "title" : "Untitled",
        "transform" : [
          0.99920636,
          -5.047176e-10,
          0.039834388,
          0,
          0.0043931673,
          0.9939,
          -0.11019831,
          0,
          -0.039591398,
          0.1102858,
          0.9931111,
          0,
          -0.32166755,
          0.13113338,
          8.510048,
          1
        ]
      },
      {
        "date" : 746295137.68956,
        "title" : "Untitled",
        "transform" : [
          0.99920636,
          -5.047176e-10,
          0.039834388,
          0,
          0.0043931673,
          0.9939,
          -0.11019831,
          0,
          -0.039591398,
          0.1102858,
          0.9931111,
          0,
          0.4943136,
          2.0856473,
          8.325531,
          1
        ]
      },
      {
        "date" : 746295112.53972,
        "title" : "Untitled",
        "transform" : [
          0.99920636,
          -5.047176e-10,
          0.039834388,
          0,
          0.0043931673,
          0.9939,
          -0.11019831,
          0,
          -0.039591398,
          0.1102858,
          0.9931111,
          0,
          0.8031236,
          1.7149732,
          8.379005,
          1
        ]
      },
      {
        "date" : 746295097.777085,
        "title" : "Untitled",
        "transform" : [
          0.9970568,
          7.101395e-10,
          0.076666765,
          0,
          0.01800303,
          0.97203845,
          -0.23413073,
          0,
          -0.07452305,
          0.23482184,
          0.9691775,
          0,
          0.26377004,
          2.5574732,
          8.148899,
          1
        ]
      }
    ]
  }
}