{
  "advancedEditorSelectedIdentifier" : "ProjectBrowser",
  "openSceneRelativePaths" : [
    "Scene.usda"
  ],
  "recentIdentifiers" : {
    "426C55D4-8486-4B33-B530-243744F78E98" : [

    ]
  },
  "sceneCameraHistory" : {
    "426C55D4-8486-4B33-B530-243744F78E98" : [
      {
        "date" : 746295137.68956,
        "title" : "Untitled",
        "transform" : [
          0.99920636,
          -5.047176e-10,
          0.039834388,
          0,
          0.0043931673,
          0.9939,
          -0.11019831,
          0,
          -0.039591398,
          0.1102858,
          0.9931111,
          0,
          0.4943136,
          2.0856473,
          8.325531,
          1
        ]
      },
      {
        "date" : 746295112.53972,
        "title" : "Untitled",
        "transform" : [
          0.99920636,
          -5.047176e-10,
          0.039834388,
          0,
          0.0043931673,
          0.9939,
          -0.11019831,
          0,
          -0.039591398,
          0.1102858,
          0.9931111,
          0,
          0.8031236,
          1.7149732,
          8.379005,
          1
        ]
      },
      {
        "date" : 746295097.777085,
        "title" : "Untitled",
        "transform" : [
          0.9970568,
          7.101395e-10,
          0.076666765,
          0,
          0.01800303,
          0.97203845,
          -0.23413073,
          0,
          -0.07452305,
          0.23482184,
          0.9691775,
          0,
          0.26377004,
          2.5574732,
          8.148899,
          1
        ]
      },
      {
        "date" : 746295049.101703,
        "title" : "Untitled",
        "transform" : [
          0.9970568,
          7.101395e-10,
          0.076666765,
          0,
          0.01800303,
          0.97203845,
          -0.23413073,
          0,
          -0.07452305,
          0.23482184,
          0.9691775,
          0,
          0.54841155,
          1.6557751,
          40.246143,
          1
        ]
      },
      {
        "date" : 746295044.235525,
        "title" : "Untitled",
        "transform" : [
          0.9970568,
          7.101395e-10,
          0.076666765,
          0,
          0.018003032,
          0.97203857,
          -0.23413076,
          0,
          -0.074523054,
          0.23482187,
          0.9691776,
          0,
          0.1769142,
          2.826363,
          45.0775,
          1
        ]
      },
      {
        "date" : 746295029.069093,
        "title" : "Untitled",
        "transform" : [
          0.99967366,
          -1.1479326e-09,
          0.025545042,
          0,
          0.025529485,
          0.03489959,
          -0.99906474,
          0,
          -0.0008915121,
          0.9993909,
          0.034888197,
          0,
          3.3924062,
          44.039253,
          9.435891,
          1
        ]
      },
      {
        "date" : 746295020.234144,
        "title" : "Untitled",
        "transform" : [
          0.99967366,
          -1.1479326e-09,
          0.025545042,
          0,
          0.025529485,
          0.03489959,
          -0.99906474,
          0,
          -0.0008915121,
          0.9993909,
          0.034888197,
          0,
          3.3934326,
          42.88994,
          9.395771,
          1
        ]
      },
      {
        "date" : 746295011.785441,
        "title" : "Untitled",
        "transform" : [
          0.99967366,
          -1.1479326e-09,
          0.025545042,
          0,
          0.025529485,
          0.03489959,
          -0.99906474,
          0,
          -0.0008915121,
          0.9993909,
          0.034888197,
          0,
          3.393316,
          43.019867,
          9.400309,
          1
        ]
      },
      {
        "date" : 746295008.954413,
        "title" : "Untitled",
        "transform" : [
          0.99967366,
          -1.1479326e-09,
          0.025545042,
          0,
          0.025529485,
          0.03489959,
          -0.99906474,
          0,
          -0.0008915121,
          0.9993909,
          0.034888197,
          0,
          3.393316,
          43.019867,
          9.400309,
          1
        ]
      },
      {
        "date" : 746294996.03455,
        "title" : "Untitled",
        "transform" : [
          0.99967366,
          -1.1479326e-09,
          0.025545042,
          0,
          0.025529485,
          0.03489959,
          -0.99906474,
          0,
          -0.0008915121,
          0.9993909,
          0.034888197,
          0,
          3.393316,
          43.019867,
          9.400309,
          1
        ]
      }
    ]
  }
}